 sleep  n   work   wait  P-ret  P-start  cyc   t(s)  lead-changes
  0.0  144   3.30  10.61  18.33   32.24  14.24   0.0  P-start min/max 10.7/33.0
  0.5  112   3.03   9.88  19.23   32.13  13.92   2.1  P-start min/max 30.5/32.4
  1.0  156   2.89   9.55  19.15   31.58  13.89   2.1  P-start min/max 30.1/32.3
  1.5  150   2.99   8.96  19.22   31.17  13.92   4.1  P-start min/max 29.9/31.6
  2.0  147   2.95   8.51  19.24   30.70  13.93   6.1  P-start min/max 30.1/31.3
  2.5  128   2.92   8.05  19.23   30.21  13.93   8.3  P-start min/max 29.1/30.7
  3.0  159   2.93   7.58  19.24   29.75  13.90  10.1  P-start min/max 28.9/30.3
  3.5  148   2.95   7.05  19.24   29.23  13.92  12.6  P-start min/max 28.6/29.8
  4.0  122   2.79   6.65  19.23   28.67  13.92  14.6  P-start min/max 27.4/29.3
  4.5  165   2.73   6.28  19.25   28.26  13.93  16.2  P-start min/max 27.3/28.7
  5.0  139   2.71   5.73  19.24   27.68  13.92  18.2  P-start min/max 26.6/28.2
  5.5  152   2.57   5.43  19.24   27.24  13.93  20.3  P-start min/max 26.5/27.7
  6.0  145   2.58   4.89  19.25   26.71  13.92  22.4  P-start min/max 25.3/27.1
  6.5  147   2.56   4.41  19.25   26.21  13.92  24.9  P-start min/max 24.8/26.7
  7.0  139   2.65   3.80  19.21   25.67  13.92  26.6  P-start min/max 24.0/26.2
  7.5  145   2.57   3.38  19.20   25.14  13.89  28.3  P-start min/max 21.1/25.6
  8.0  148   2.61   2.84  19.00   24.45  13.91  29.9  P-start min/max 19.3/25.1
  8.5  145   2.54   2.43  19.04   24.01  13.92  33.0  P-start min/max 22.5/24.7
  9.0  143   2.38   2.10  28.91   33.40  13.93  34.7  P-start min/max 18.4/37.9
  9.5  142   2.54   2.06  22.09   26.69  14.54  36.6  P-start min/max 18.3/37.5
 10.0  144   2.63   2.10  19.75   24.49  15.19  38.7  P-start min/max 17.2/31.1
 10.5  141   2.65   2.06  19.44   24.14  15.63  40.2  P-start min/max 16.7/30.7
 11.0  148   2.53   2.04  18.71   23.28  16.03  42.5  P-start min/max 16.2/30.3
 11.5  146   2.36   1.98  18.54   22.88  16.25  45.2  P-start min/max 15.8/29.7
 12.0  144   2.33   2.04  18.04   22.41  16.78  47.0  P-start min/max 15.4/29.2
 12.5  142   2.39   1.98  17.51   21.88  17.30  50.3  P-start min/max 14.9/28.5
 13.0  144   2.34   2.00  16.97   21.30  17.76  53.1  P-start min/max 13.9/28.3
 13.5  149   2.37   2.00  16.69   21.06  18.31  54.4  P-start min/max 13.9/27.8
