 frame   start ms  slept  work   wait  P-sub  P-start  lead   ret-phase
     1      0.00   0.00  34.25   5.49  -4.41  29.84    0    0.00
     2     39.89   0.00   5.38  21.85   5.29  10.67    0    0.97
     3     68.43   0.00  14.27   2.57  -2.16  12.12   -1    0.28
     4     85.45   0.00   3.80  41.85   7.57  11.37    0    0.58
     5    131.40   0.00   4.64   6.30  12.72  17.37    0    0.39
     6    142.56   0.00   2.77  13.71  36.81  39.58    0    0.59
     7    159.32   0.00   2.97   6.05  25.30  28.27    0    0.26
     8    168.64   0.00   2.36  11.33  30.47  32.84    0    0.27
     9    182.68   0.00   4.14   9.41  28.60  32.74    0    0.27
    10    196.42   0.00   2.65  11.16  30.40  33.05    0    0.27
    11    210.56   0.00   3.26  10.25  29.45  32.71    0    0.27
    12    224.32   0.00   2.46  11.28  30.39  32.85    0    0.28
