 frame   start ms  slept  work   wait  P-sub  P-start  lead   ret-phase
     1      0.00   0.00  28.10   3.27  -6.18  21.91    0    0.00
     2     31.47   0.00   3.63  28.91   6.80  10.43    0    0.96
     3     65.22   0.00  10.18   3.47   2.02  12.20    0    0.85
     4     79.06   0.00   3.35   1.75   7.98  11.32   -1    0.17
     5     84.49   0.00   3.22   9.67  32.76  35.98    0    0.96
     6     97.61   0.00   2.26  14.23  53.99  56.26    1    0.96
     7    114.38   0.00   2.85  13.54  53.35  56.20    1    0.96
     8    130.96   0.00   2.80  13.72  53.53  56.34    1    0.97
     9    147.81   0.00   2.74  13.74  53.45  56.19    1    0.98
    10    164.49   0.00   2.04  14.38  54.20  56.24    1    0.97
    11    181.24   0.00   3.44  12.96  52.76  56.20    1    0.98
    12    197.85   0.00   3.96  12.52  52.33  56.29    1    0.98
