 frame   start ms  slept  work   wait  P-sub  P-start  lead   ret-phase
     1      0.00   0.00  25.66   5.66  -4.11  21.55    0    0.00
     2     31.43   0.00   4.92  19.80   9.48  14.40    0    0.79
     3     57.66   0.00  12.14   1.84  -0.45  11.69   -1    0.90
     4     71.85   0.00   3.33   1.76   7.81  11.15   -1    0.28
     5     77.67   0.00   4.62   7.20  30.36  34.98    0    0.19
     6     89.75   0.00   3.23  13.28  53.08  56.31    1    0.39
     7    107.00   0.00   3.23   5.49  38.63  41.87    1    0.08
     8    115.94   0.00   2.90  10.83  43.92  46.82    1    0.08
     9    130.02   0.00   3.65   9.87  42.99  46.65    1    0.08
    10    143.79   0.00   3.08  10.59  43.73  46.80    1    0.08
    11    157.76   0.00   3.40  10.25  43.38  46.78    1    0.09
    12    171.64   0.00   3.30  10.39  43.50  46.80    1    0.09
