time  FPS  Prd_ms  Stale  LCnt  TW  App   (VrApi's once-a-second line, Go 1KWPH802EW8203)
09-27 15:34:45.011 72 34 0 1 0.55 0.00
09-27 15:34:46.020 72 34 0 1 0.54 0.00
09-27 15:34:47.011 72 34 0 1 0.54 0.00
09-27 15:34:48.011 72 34 0 1 0.54 0.00
09-27 15:34:49.009 72 33 0 1 0.54 0.00
09-27 15:34:50.009 72 33 0 1 0.55 0.00
09-27 15:34:51.011 72 33 0 1 0.54 0.00
09-27 15:34:52.010 73 33 0 1 0.54 0.00
09-27 15:34:53.011 72 33 0 1 0.55 0.00
09-27 15:34:54.241 72 33 0 1 0.54 0.00
09-27 15:34:55.011 72 33 0 1 0.51 0.00
09-27 15:34:57.011 72 36 2 1 0.55 0.00
09-27 15:34:58.012 73 47 0 1 0.49 0.00
09-27 15:34:58.723 72 48 0 1 0.49 0.00
09-27 15:35:00.399 1 0 1 1 0.09 5.63
09-27 15:35:01.296 55 32 1 2 2.27 2.57
09-27 15:35:02.296 72 33 2 2 2.27 2.59
09-27 15:35:03.297 72 33 0 2 2.27 2.50
09-27 15:35:04.297 72 33 0 2 2.27 2.50
09-27 15:35:05.302 72 33 0 2 2.29 2.68
09-27 15:35:06.300 72 33 0 2 2.28 2.62
09-27 15:35:07.300 72 33 0 2 2.27 2.63
09-27 15:35:08.300 72 33 0 2 2.29 2.58
09-27 15:35:09.302 72 33 0 2 2.27 2.54
09-27 15:35:10.298 72 33 0 2 2.27 2.54
09-27 15:35:11.299 72 33 0 2 2.27 2.59
09-27 15:35:12.301 72 33 0 2 2.27 2.49
09-27 15:35:13.298 72 33 0 2 2.28 2.61
09-27 15:35:14.303 72 33 0 2 2.26 2.48
09-27 15:35:15.301 72 33 0 2 2.28 2.59
09-27 15:35:16.299 72 33 0 2 2.27 2.57
09-27 15:35:17.303 72 33 0 2 2.28 2.48
09-27 15:35:18.301 72 33 0 2 2.24 2.55
09-27 15:35:19.303 72 33 0 2 2.27 2.47
09-27 15:35:20.407 72 33 0 2 2.28 2.57
09-27 15:35:21.300 72 33 0 2 2.28 2.55
09-27 15:35:22.301 72 33 0 2 2.28 2.69
09-27 15:35:23.305 72 33 0 2 2.27 2.46
09-27 15:35:24.302 72 33 1 2 2.27 2.55
09-27 15:35:25.304 73 33 0 2 2.27 2.49
09-27 15:35:26.320 72 33 0 2 2.28 2.57
09-27 15:35:27.302 72 33 0 2 2.26 2.60
09-27 15:35:28.303 72 33 1 2 2.19 2.34
09-27 15:35:29.305 72 33 0 2 2.18 2.31
09-27 15:35:30.304 72 33 0 1 2.25 2.58
09-27 15:35:31.313 72 32 0 1 1.67 1.22
09-27 15:35:32.308 72 33 0 1 1.74 1.36
09-27 15:35:33.302 72 32 0 1 1.70 1.28
09-27 15:35:34.305 72 32 0 1 1.71 1.14
09-27 15:35:35.310 72 32 0 1 1.72 1.25
09-27 15:35:36.305 72 32 0 1 1.71 1.33
09-27 15:35:37.309 72 32 0 1 1.73 1.34
09-27 15:35:38.306 72 32 0 1 1.71 1.31
09-27 15:35:39.307 72 32 0 1 1.72 1.15
09-27 15:35:40.435 72 32 0 1 1.69 1.31
09-27 15:35:41.308 72 32 2 1 1.74 1.26
09-27 15:35:42.306 72 32 0 1 1.70 1.31
09-27 15:35:43.306 72 32 0 1 1.72 1.23
09-27 15:35:44.306 72 32 0 1 1.71 1.24
09-27 15:35:45.309 72 32 0 1 1.72 1.24
09-27 15:35:46.334 72 32 0 1 1.75 1.31
09-27 15:35:47.309 72 32 0 1 1.74 1.35
09-27 15:35:48.308 72 32 0 1 1.72 1.16
09-27 15:35:49.310 72 32 0 1 1.72 1.25
09-27 15:35:50.307 72 32 0 1 1.72 1.25
09-27 15:35:51.306 72 32 0 1 1.70 1.16
09-27 15:35:52.307 72 32 0 1 1.75 1.18
09-27 15:35:53.307 72 32 0 1 1.71 1.25
09-27 15:35:54.310 72 32 0 1 1.72 1.16
09-27 15:35:55.310 72 32 0 1 1.74 1.26
09-27 15:35:56.311 72 32 0 1 1.68 1.20
09-27 15:35:57.311 72 32 0 1 1.74 1.25
09-27 15:35:58.314 72 32 0 1 1.71 1.22
09-27 15:35:59.310 72 32 0 1 1.70 1.22
09-27 15:36:00.433 72 32 0 1 1.73 1.24
09-27 15:36:01.308 72 32 0 1 1.72 1.26
09-27 15:36:02.309 72 32 0 1 1.73 1.24
09-27 15:36:03.313 72 32 0 1 1.72 1.25
09-27 15:36:04.312 72 32 0 1 1.72 1.15
09-27 15:36:05.312 72 32 0 1 1.70 1.29
09-27 15:36:06.310 72 32 0 1 1.70 1.31
09-27 15:36:07.313 72 32 0 1 1.73 1.25
09-27 15:36:08.311 72 32 0 1 1.75 1.18
09-27 15:36:09.315 72 32 0 1 1.72 1.25
09-27 15:36:10.311 72 32 0 1 1.71 1.15
09-27 15:36:11.317 72 32 0 1 1.72 1.25
09-27 15:36:12.322 72 32 0 1 1.74 1.30
09-27 15:36:13.316 72 32 0 1 1.76 1.29
09-27 15:36:14.317 72 32 0 1 1.74 1.30
09-27 15:36:15.319 72 32 0 1 1.70 1.13
09-27 15:36:16.320 72 32 0 1 1.73 1.29
09-27 15:36:17.929 1 2054 1 0 0.30 0.02
09-27 15:36:18.772 71 21 0 1 0.44 0.00
09-27 15:36:19.772 72 34 0 1 0.43 0.00
09-27 15:36:21.776 72 42 3 1 0.46 0.00
09-27 15:36:22.773 72 48 0 1 0.41 0.00
09-27 15:36:23.268 72 48 0 1 0.41 0.00
09-27 15:36:24.847 1 0 1 1 2.27 2.52
09-27 15:36:25.744 73 45 2 2 2.27 2.59
09-27 15:36:26.745 72 47 0 2 2.27 2.52
09-27 15:36:27.746 72 47 0 2 2.26 2.46
09-27 15:36:28.749 72 47 0 2 2.26 2.49
09-27 15:36:29.749 72 47 0 2 2.27 2.66
09-27 15:36:30.749 72 47 0 2 2.26 2.65
09-27 15:36:31.746 72 47 0 2 2.28 2.55
09-27 15:36:32.746 72 47 0 2 2.27 2.57
09-27 15:36:33.747 72 47 0 2 2.26 2.44
09-27 15:36:34.747 72 48 0 2 2.28 2.56
09-27 15:36:35.749 72 47 0 2 2.28 2.59
09-27 15:36:37.526 1 266 1 0 0.28 1.79
09-27 15:36:38.373 71 21 2 1 0.44 0.00
09-27 15:36:39.374 72 33 0 1 0.46 0.00
