time  FPS  Prd_ms  Stale  LCnt  TW  App   (VrApi's once-a-second line, Go 1KWPH802EW8203, merged build ea27da6f)
09-27 15:53:12.899 72 33 0 1 0.53 0.00
09-27 15:53:13.906 72 33 0 1 0.53 0.00
09-27 15:53:14.361 72 33 0 1 0.53 0.00
09-27 15:53:15.961 1 59 1 1 0.32 0.01
09-27 15:53:16.757 73 33 1 1 0.55 0.00
09-27 15:53:17.757 72 33 0 1 0.54 0.00
09-27 15:53:18.757 72 33 0 1 0.54 0.00
09-27 15:53:21.760 72 33 2 1 0.55 0.00
09-27 15:53:22.763 72 33 0 1 0.55 0.00
09-27 15:53:23.084 72 33 0 1 0.55 0.00
09-27 15:53:25.067 1 0 1 1 0.09 2.60
09-27 15:53:25.967 54 31 2 2 2.27 2.53
09-27 15:53:26.963 72 33 0 2 2.27 2.49
09-27 15:53:27.964 72 33 0 2 2.24 2.42
09-27 15:53:28.970 72 33 0 2 2.27 2.57
09-27 15:53:29.968 72 33 0 2 2.28 2.64
09-27 15:53:30.967 72 33 0 2 2.28 2.59
09-27 15:53:31.967 72 33 0 2 2.26 2.62
09-27 15:53:32.965 72 33 0 2 2.27 2.61
09-27 15:53:33.968 72 33 0 2 2.27 2.47
09-27 15:53:34.965 72 33 0 2 2.29 2.57
09-27 15:53:35.972 72 33 0 2 2.27 2.49
09-27 15:53:36.970 72 33 0 2 2.28 2.58
09-27 15:53:37.968 72 33 0 2 2.27 2.50
09-27 15:53:38.970 72 33 0 2 2.27 2.49
09-27 15:53:39.967 72 33 0 2 2.28 2.56
09-27 15:53:40.971 72 33 0 2 2.27 2.47
09-27 15:53:41.976 72 33 0 2 2.27 2.56
09-27 15:53:42.969 72 33 1 2 2.27 2.49
09-27 15:53:43.972 72 33 0 2 2.27 2.61
09-27 15:53:45.099 72 33 0 2 2.25 2.50
09-27 15:53:45.969 72 33 1 2 2.29 2.60
09-27 15:53:46.969 72 33 0 2 2.27 2.48
09-27 15:53:47.972 72 33 0 2 2.28 2.58
09-27 15:53:48.971 72 33 0 2 2.27 2.48
09-27 15:53:49.973 72 33 0 2 2.27 2.56
09-27 15:53:50.972 72 33 0 2 2.26 2.62
09-27 15:53:51.971 72 33 0 2 2.27 2.49
09-27 15:53:52.970 72 33 0 2 2.27 2.61
09-27 15:53:53.972 72 33 0 2 2.26 2.50
09-27 15:53:54.972 72 33 0 2 2.27 2.58
09-27 15:53:55.975 72 33 0 2 2.28 2.62
09-27 15:53:56.973 72 33 0 2 2.28 2.62
09-27 15:53:57.982 72 33 0 2 2.25 2.58
09-27 15:53:58.977 72 33 0 2 2.27 2.59
09-27 15:53:59.977 73 33 0 2 2.27 2.58
09-27 15:54:00.974 72 33 0 2 2.27 2.56
09-27 15:54:01.976 72 33 0 2 2.26 2.48
09-27 15:54:02.974 72 33 0 2 2.28 2.59
09-27 15:54:03.977 72 33 0 2 2.26 2.48
09-27 15:54:05.082 72 33 0 2 2.27 2.62
09-27 15:54:05.976 72 33 0 2 2.26 2.66
09-27 15:54:06.975 72 33 0 2 2.28 2.65
09-27 15:54:07.977 72 33 0 2 2.27 2.50
09-27 15:54:08.980 72 33 0 2 2.29 2.61
09-27 15:54:09.975 72 33 0 2 2.25 2.53
09-27 15:54:10.975 72 33 0 2 2.21 2.36
09-27 15:54:11.984 72 33 0 2 2.20 2.68
09-27 15:54:12.984 72 42 2 1 1.69 1.14
09-27 15:54:13.977 72 46 0 1 1.72 1.17
09-27 15:54:14.977 72 46 0 1 1.75 1.20
09-27 15:54:15.980 72 46 0 1 1.74 1.32
09-27 15:54:16.980 72 46 0 1 1.74 1.18
09-27 15:54:17.982 72 46 0 1 1.75 1.23
09-27 15:54:18.978 72 46 0 1 1.73 1.28
09-27 15:54:19.980 72 46 0 1 1.74 1.20
09-27 15:54:20.982 72 46 0 1 1.73 1.17
09-27 15:54:21.983 72 46 0 1 1.71 1.29
09-27 15:54:22.986 72 46 0 1 1.75 1.22
09-27 15:54:23.984 72 46 0 1 1.73 1.28
09-27 15:54:25.128 72 46 0 1 1.73 1.28
09-27 15:54:25.985 72 46 0 1 1.68 1.25
09-27 15:54:28.469 1 1048 1 0 0.64 1.90
09-27 15:54:29.280 71 26 3 1 0.53 0.00
09-27 15:54:30.281 72 47 0 1 0.49 0.00
09-27 15:54:32.287 72 47 0 1 0.52 0.00
09-27 15:54:33.281 72 47 0 1 0.53 0.00
09-27 15:54:34.289 72 47 0 1 0.53 0.00
09-27 15:54:34.514 72 47 0 1 0.53 0.00
09-27 15:54:36.243 1 0 1 1 2.27 2.41
09-27 15:54:37.145 72 45 2 2 2.26 2.52
09-27 15:54:38.145 72 47 0 2 2.27 2.48
09-27 15:54:39.146 72 47 0 2 2.27 2.48
09-27 15:54:40.150 72 47 0 2 2.27 2.45
09-27 15:54:41.148 72 47 0 2 2.28 2.77
09-27 15:54:42.146 72 46 0 2 2.27 2.59
09-27 15:54:43.146 72 47 0 2 2.29 2.57
09-27 15:54:44.145 72 47 0 2 2.28 2.57
09-27 15:54:45.146 72 47 0 2 2.27 2.44
09-27 15:54:46.147 72 47 0 2 2.29 2.62
09-27 15:54:47.148 72 47 0 2 2.28 2.45
09-27 15:54:49.085 1 0 1 0 0.36 0.01
09-27 15:54:49.937 72 32 3 1 0.53 0.00
09-27 15:54:50.936 72 47 0 1 0.53 0.00
